1579
8080 8180
8080 8081
8180 8280
8180 8181
8180 8080
8280 8380
8280 8281
8280 8180
8380 8480
8380 8381
8380 8280
8480 8580
8480 8481
8480 8380
8580 8680
8580 8581
8580 8480
8680 8780
8680 8681
8680 8580
8780 8880
8780 8781
8780 8680
8880 8980
8880 8881
8880 8780
8980 9080
8980 8981
8980 8880
8081 8080
8081 8181
8081 8082
8181 8180
8181 8281
8181 8182
8181 8081
8281 8280
8281 8381
8281 8282
8281 8181
8381 8380
8381 8481
8381 8382
8381 8281
8481 8480
8481 8581
8481 8482
8481 8381
8581 8580
8581 8681
8581 8582
8581 8481
8681 8680
8681 8781
8681 8682
8681 8581
8781 8780
8781 8881
8781 8782
8781 8681
8881 8880
8881 8981
8881 8882
8881 8781
8981 8980
8981 9081
8981 8982
8981 8881
8082 8081
8082 8182
8082 8083
8182 8181
8182 8282
8182 8183
8182 8082
8282 8281
8282 8382
8282 8283
8282 8182
8382 8381
8382 8482
8382 8383
8382 8282
8482 8481
8482 8582
8482 8483
8482 8382
8582 8581
8582 8682
8582 8583
8582 8482
8682 8681
8682 8782
8682 8683
8682 8582
8782 8781
8782 8882
8782 8783
8782 8682
8882 8881
8882 8982
8882 8883
8882 8782
8982 8981
8982 9082
8982 8983
8982 8882
8083 8082
8083 8183
8083 8084
8183 8182
8183 8283
8183 8184
8183 8083
8283 8282
8283 8383
8283 8284
8283 8183
8383 8382
8383 8483
8383 8384
8383 8283
8483 8482
8483 8583
8483 8484
8483 8383
8583 8582
8583 8683
8583 8584
8583 8483
8683 8682
8683 8783
8683 8684
8683 8583
8783 8782
8783 8883
8783 8784
8783 8683
8883 8882
8883 8983
8883 8884
8883 8783
8983 8982
8983 9083
8983 8984
8983 8883
8084 8083
8084 8184
8084 8085
8184 8183
8184 8284
8184 8185
8184 8084
8284 8283
8284 8384
8284 8285
8284 8184
8384 8383
8384 8484
8384 8385
8384 8284
8484 8483
8484 8584
8484 8485
8484 8384
8584 8583
8584 8684
8584 8585
8584 8484
8684 8683
8684 8784
8684 8685
8684 8584
8784 8783
8784 8884
8784 8785
8784 8684
8884 8883
8884 8984
8884 8885
8884 8784
8984 8983
8984 9084
8984 8985
8984 8884
8085 8084
8085 8185
8085 8086
8185 8184
8185 8285
8185 8186
8185 8085
8285 8284
8285 8385
8285 8286
8285 8185
8385 8384
8385 8485
8385 8386
8385 8285
8485 8484
8485 8585
8485 8486
8485 8385
8585 8584
8585 8685
8585 8586
8585 8485
8685 8684
8685 8785
8685 8686
8685 8585
8785 8784
8785 8885
8785 8786
8785 8685
8885 8884
8885 8985
8885 8886
8885 8785
8985 8984
8985 9085
8985 8986
8985 8885
8086 8085
8086 8186
8086 8087
8186 8185
8186 8286
8186 8187
8186 8086
8286 8285
8286 8386
8286 8287
8286 8186
8386 8385
8386 8486
8386 8387
8386 8286
8486 8485
8486 8586
8486 8487
8486 8386
8586 8585
8586 8686
8586 8587
8586 8486
8686 8685
8686 8786
8686 8687
8686 8586
8786 8785
8786 8886
8786 8787
8786 8686
8886 8885
8886 8986
8886 8887
8886 8786
8986 8985
8986 9086
8986 8987
8986 8886
8087 8187
8087 8088
8187 8287
8187 8188
8187 8087
8287 8387
8287 8288
8287 8187
8387 8487
8387 8388
8387 8287
8487 8587
8487 8488
8487 8387
8587 8687
8587 8588
8587 8487
8687 8787
8687 8688
8687 8587
8787 8887
8787 8788
8787 8687
8887 8987
8887 8888
8887 8787
8987 9087
8987 8988
8987 8887
8088 8087
8088 8188
8088 8089
8188 8187
8188 8288
8188 8189
8188 8088
8288 8287
8288 8388
8288 8289
8288 8188
8388 8387
8388 8488
8388 8389
8388 8288
8488 8487
8488 8588
8488 8489
8488 8388
8588 8587
8588 8688
8588 8589
8588 8488
8688 8687
8688 8788
8688 8689
8688 8588
8788 8787
8788 8888
8788 8789
8788 8688
8888 8887
8888 8988
8888 8889
8888 8788
8988 8987
8988 9088
8988 8989
8988 8888
8089 8088
8089 8189
8089 8090
8189 8188
8189 8289
8189 8190
8189 8089
8289 8288
8289 8389
8289 8290
8289 8189
8389 8388
8389 8489
8389 8390
8389 8289
8489 8488
8489 8589
8489 8490
8489 8389
8589 8588
8589 8689
8589 8590
8589 8489
8689 8688
8689 8789
8689 8690
8689 8589
8789 8788
8789 8889
8789 8790
8789 8689
8889 8888
8889 8989
8889 8890
8889 8789
8989 8988
8989 9089
8989 8990
8989 8889
8090 8089
8090 8190
8090 8091
8190 8189
8190 8290
8190 8191
8190 8090
8290 8289
8290 8390
8290 8291
8290 8190
8390 8389
8390 8490
8390 8391
8390 8290
8490 8489
8490 8590
8490 8491
8490 8390
8590 8589
8590 8690
8590 8591
8590 8490
8690 8689
8690 8790
8690 8691
8690 8590
8790 8789
8790 8890
8790 8791
8790 8690
8890 8889
8890 8990
8890 8891
8890 8790
8990 8989
8990 9090
8990 8991
8990 8890
8091 8090
8091 8191
8091 8092
8191 8190
8191 8291
8191 8192
8191 8091
8291 8290
8291 8391
8291 8292
8291 8191
8391 8390
8391 8491
8391 8392
8391 8291
8491 8490
8491 8591
8491 8492
8491 8391
8591 8590
8591 8691
8591 8592
8591 8491
8691 8690
8691 8791
8691 8692
8691 8591
8791 8790
8791 8891
8791 8792
8791 8691
8891 8890
8891 8991
8891 8892
8891 8791
8991 8990
8991 9091
8991 8992
8991 8891
8092 8091
8092 8192
8092 8093
8192 8191
8192 8292
8192 8193
8192 8092
8292 8291
8292 8392
8292 8293
8292 8192
8392 8391
8392 8492
8392 8393
8392 8292
8492 8491
8492 8592
8492 8493
8492 8392
8592 8591
8592 8692
8592 8593
8592 8492
8692 8691
8692 8792
8692 8693
8692 8592
8792 8791
8792 8892
8792 8793
8792 8692
8892 8891
8892 8992
8892 8893
8892 8792
8992 8991
8992 9092
8992 8993
8992 8892
8093 8092
8093 8193
8093 8094
8193 8192
8193 8293
8193 8194
8193 8093
8293 8292
8293 8393
8293 8294
8293 8193
8393 8392
8393 8493
8393 8394
8393 8293
8493 8492
8493 8593
8493 8494
8493 8393
8593 8592
8593 8693
8593 8594
8593 8493
8693 8692
8693 8793
8693 8694
8693 8593
8793 8792
8793 8893
8793 8794
8793 8693
8893 8892
8893 8993
8893 8894
8893 8793
8993 8992
8993 9093
8993 8994
8993 8893
8993 9093
8094 8093
8094 8194
8094 8095
8194 8193
8194 8294
8194 8195
8194 8094
8294 8293
8294 8394
8294 8295
8294 8194
8394 8393
8394 8494
8394 8395
8394 8294
8494 8493
8494 8594
8494 8495
8494 8394
8594 8593
8594 8694
8594 8595
8594 8494
8694 8693
8694 8794
8694 8695
8694 8594
8794 8793
8794 8894
8794 8795
8794 8694
8894 8893
8894 8994
8894 8895
8894 8794
8994 8993
8994 9094
8994 8995
8994 8894
8095 8094
8095 8195
8095 8096
8195 8194
8195 8295
8195 8196
8195 8095
8295 8294
8295 8395
8295 8296
8295 8195
8395 8394
8395 8495
8395 8396
8395 8295
8495 8494
8495 8595
8495 8496
8495 8395
8595 8594
8595 8695
8595 8596
8595 8495
8695 8694
8695 8795
8695 8696
8695 8595
8795 8794
8795 8895
8795 8796
8795 8695
8895 8894
8895 8995
8895 8896
8895 8795
8995 8994
8995 9095
8995 8996
8995 8895
8096 8196
8096 8097
8196 8296
8196 8197
8196 8096
8296 8396
8296 8297
8296 8196
8396 8496
8396 8397
8396 8296
8496 8596
8496 8497
8496 8396
8596 8696
8596 8597
8596 8496
8696 8796
8696 8697
8696 8596
8796 8896
8796 8797
8796 8696
8896 8996
8896 8897
8896 8796
8996 9096
8996 8997
8996 8896
8097 8096
8097 8197
8097 8098
8197 8196
8197 8297
8197 8198
8197 8097
8297 8296
8297 8397
8297 8298
8297 8197
8397 8396
8397 8497
8397 8398
8397 8297
8497 8496
8497 8597
8497 8498
8497 8397
8597 8596
8597 8697
8597 8598
8597 8497
8697 8696
8697 8797
8697 8698
8697 8597
8797 8796
8797 8897
8797 8798
8797 8697
8897 8896
8897 8997
8897 8898
8897 8797
8997 8996
8997 9097
8997 8998
8997 8897
8098 8097
8098 8198
8098 8099
8198 8197
8198 8298
8198 8199
8198 8098
8298 8297
8298 8398
8298 8299
8298 8198
8398 8397
8398 8498
8398 8399
8398 8298
8498 8497
8498 8598
8498 8499
8498 8398
8598 8597
8598 8698
8598 8599
8598 8498
8698 8697
8698 8798
8698 8699
8698 8598
8798 8797
8798 8898
8798 8799
8798 8698
8898 8897
8898 8998
8898 8899
8898 8798
8998 8997
8998 9098
8998 8999
8998 8898
8099 8098
8099 8199
8099 8100
8199 8198
8199 8299
8199 8200
8199 8099
8299 8298
8299 8399
8299 8300
8299 8199
8399 8398
8399 8499
8399 8400
8399 8299
8499 8498
8499 8599
8499 8500
8499 8399
8599 8598
8599 8699
8599 8600
8599 8499
8699 8698
8699 8799
8699 8700
8699 8599
8799 8798
8799 8899
8799 8800
8799 8699
8899 8898
8899 8999
8899 8900
8899 8799
8999 8998
8999 9099
8999 9000
8999 8899
8100 8099
8100 8200
8200 8199
8200 8300
8200 8100
8300 8299
8300 8400
8300 8200
8400 8399
8400 8500
8400 8300
8500 8499
8500 8600
8500 8400
8600 8599
8600 8700
8600 8500
8700 8699
8700 8800
8700 8600
8800 8799
8800 8900
8800 8700
8900 8899
8900 9000
8900 8800
9000 8999
9000 9100
9000 8900
9080 9180
9080 9081
9180 9280
9180 9181
9180 9080
9280 9380
9280 9281
9280 9180
9380 9480
9380 9381
9380 9280
9480 9580
9480 9481
9480 9380
9580 9680
9580 9581
9580 9480
9680 9780
9680 9681
9680 9580
9780 9880
9780 9781
9780 9680
9880 9980
9880 9881
9880 9780
9980 10080
9980 9981
9980 9880
10080 10081
10080 9980
9081 9080
9081 9181
9081 9082
9181 9180
9181 9281
9181 9182
9181 9081
9281 9280
9281 9381
9281 9282
9281 9181
9381 9380
9381 9481
9381 9382
9381 9281
9481 9480
9481 9581
9481 9482
9481 9381
9581 9580
9581 9681
9581 9582
9581 9481
9681 9680
9681 9781
9681 9682
9681 9581
9781 9780
9781 9881
9781 9782
9781 9681
9881 9880
9881 9981
9881 9882
9881 9781
9981 9980
9981 10081
9981 9982
9981 9881
10081 10080
10081 10082
10081 9981
9082 9081
9082 9182
9082 9083
9182 9181
9182 9282
9182 9183
9182 9082
9282 9281
9282 9382
9282 9283
9282 9182
9382 9381
9382 9482
9382 9383
9382 9282
9482 9481
9482 9582
9482 9483
9482 9382
9582 9581
9582 9682
9582 9583
9582 9482
9682 9681
9682 9782
9682 9683
9682 9582
9782 9781
9782 9882
9782 9783
9782 9682
9882 9881
9882 9982
9882 9883
9882 9782
9982 9981
9982 10082
9982 9983
9982 9882
10082 10081
10082 10083
10082 9982
9083 9082
9083 9183
9083 9084
9183 9182
9183 9283
9183 9184
9183 9083
9283 9282
9283 9383
9283 9284
9283 9183
9383 9382
9383 9483
9383 9384
9383 9283
9483 9482
9483 9583
9483 9484
9483 9383
9583 9582
9583 9683
9583 9584
9583 9483
9683 9682
9683 9783
9683 9684
9683 9583
9783 9782
9783 9883
9783 9784
9783 9683
9883 9882
9883 9983
9883 9884
9883 9783
9983 9982
9983 10083
9983 9984
9983 9883
10083 10082
10083 10084
10083 9983
9084 9083
9084 9184
9084 9085
9184 9183
9184 9284
9184 9185
9184 9084
9284 9283
9284 9384
9284 9285
9284 9184
9384 9383
9384 9484
9384 9385
9384 9284
9484 9483
9484 9584
9484 9485
9484 9384
9584 9583
9584 9684
9584 9585
9584 9484
9684 9683
9684 9784
9684 9685
9684 9584
9784 9783
9784 9884
9784 9785
9784 9684
9884 9883
9884 9984
9884 9885
9884 9784
9984 9983
9984 10084
9984 9985
9984 9884
10084 10083
10084 10085
10084 9984
9085 9084
9085 9185
9085 9086
9185 9184
9185 9285
9185 9186
9185 9085
9285 9284
9285 9385
9285 9286
9285 9185
9385 9384
9385 9485
9385 9386
9385 9285
9485 9484
9485 9585
9485 9486
9485 9385
9585 9584
9585 9685
9585 9586
9585 9485
9685 9684
9685 9785
9685 9686
9685 9585
9785 9784
9785 9885
9785 9786
9785 9685
9885 9884
9885 9985
9885 9886
9885 9785
9985 9984
9985 10085
9985 9986
9985 9885
10085 10084
10085 10086
10085 9985
9086 9085
9086 9186
9086 9087
9186 9185
9186 9286
9186 9187
9186 9086
9286 9285
9286 9386
9286 9287
9286 9186
9386 9385
9386 9486
9386 9387
9386 9286
9486 9485
9486 9586
9486 9487
9486 9386
9586 9585
9586 9686
9586 9587
9586 9486
9686 9685
9686 9786
9686 9687
9686 9586
9786 9785
9786 9886
9786 9787
9786 9686
9886 9885
9886 9986
9886 9887
9886 9786
9986 9985
9986 10086
9986 9987
9986 9886
10086 10085
10086 10087
10086 9986
9490 9590
9490 9491
9590 9690
9590 9591
9590 9490
9690 9790
9690 9691
9690 9590
9790 9890
9790 9791
9790 9690
9890 9990
9890 9891
9890 9790
9890 9889
9990 10090
9990 9991
9990 9890
10090 10091
10090 9990
9491 9490
9491 9591
9491 9492
9491 9391
9591 9590
9591 9691
9591 9592
9591 9491
9691 9690
9691 9791
9691 9692
9691 9591
9791 9790
9791 9891
9791 9792
9791 9691
9891 9890
9891 9991
9891 9892
9891 9791
9991 9990
9991 10091
9991 9992
9991 9891
10091 10090
10091 10092
10091 9991
9492 9491
9492 9592
9492 9493
9592 9591
9592 9692
9592 9593
9592 9492
9692 9691
9692 9792
9692 9693
9692 9592
9792 9791
9792 9892
9792 9793
9792 9692
9892 9891
9892 9992
9892 9893
9892 9792
9992 9991
9992 10092
9992 9993
9992 9892
10092 10091
10092 10093
10092 9992
9493 9492
9493 9593
9493 9494
9593 9592
9593 9693
9593 9594
9593 9493
9693 9692
9693 9793
9693 9694
9693 9593
9793 9792
9793 9893
9793 9794
9793 9693
9893 9892
9893 9993
9893 9894
9893 9793
9993 9992
9993 10093
9993 9994
9993 9893
10093 10092
10093 10094
10093 9993
9494 9493
9494 9594
9494 9495
9594 9593
9594 9694
9594 9595
9594 9494
9694 9693
9694 9794
9694 9695
9694 9594
9794 9793
9794 9894
9794 9795
9794 9694
9894 9893
9894 9994
9894 9895
9894 9794
9994 9993
9994 10094
9994 9995
9994 9894
10094 10093
10094 10095
10094 9994
9495 9494
9495 9595
9495 9496
9595 9594
9595 9695
9595 9596
9595 9495
9695 9694
9695 9795
9695 9696
9695 9595
9795 9794
9795 9895
9795 9796
9795 9695
9895 9894
9895 9995
9895 9896
9895 9795
9995 9994
9995 10095
9995 9996
9995 9895
10095 10094
10095 10096
10095 9995
9496 9495
9496 9596
9496 9497
9596 9595
9596 9696
9596 9597
9596 9496
9696 9695
9696 9796
9696 9697
9696 9596
9796 9795
9796 9896
9796 9797
9796 9696
9896 9895
9896 9996
9896 9897
9896 9796
9996 9995
9996 10096
9996 9997
9996 9896
10096 10095
10096 10097
10096 9996
9497 9496
9497 9597
9497 9498
9597 9596
9597 9697
9597 9598
9597 9497
9697 9696
9697 9797
9697 9698
9697 9597
9797 9796
9797 9897
9797 9798
9797 9697
9897 9896
9897 9997
9897 9898
9897 9797
9997 9996
9997 10097
9997 9998
9997 9897
10097 10096
10097 10098
10097 9997
9498 9497
9498 9598
9498 9499
9498 9398
9598 9597
9598 9698
9598 9599
9598 9498
9698 9697
9698 9798
9698 9699
9698 9598
9798 9797
9798 9898
9798 9799
9798 9698
9898 9897
9898 9998
9898 9899
9898 9798
9998 9997
9998 10098
9998 9999
9998 9898
10098 10097
10098 10099
10098 9998
9499 9498
9499 9599
9499 9500
9599 9598
9599 9699
9599 9600
9599 9499
9699 9698
9699 9799
9699 9700
9699 9599
9799 9798
9799 9899
9799 9800
9799 9699
9899 9898
9899 9999
9899 9900
9899 9799
9999 9998
9999 10099
9999 10000
9999 9899
10099 10098
10099 10100
10099 9999
9500 9499
9500 9600
9600 9599
9600 9700
9600 9500
9700 9699
9700 9800
9700 9600
9800 9799
9800 9900
9800 9700
9900 9899
9900 10000
9900 9800
10000 9999
10000 10100
10000 9900
10100 10099
10100 10000
9087 9187
9087 9088
9187 9287
9187 9188
9187 9087
9287 9387
9287 9288
9287 9187
9387 9388
9387 9287
9088 9087
9088 9188
9088 9089
9188 9187
9188 9288
9188 9189
9188 9088
9288 9287
9288 9388
9288 9289
9288 9188
9388 9387
9388 9389
9388 9288
9089 9088
9089 9189
9089 9090
9189 9188
9189 9289
9189 9190
9189 9089
9289 9288
9289 9389
9289 9290
9289 9189
9389 9388
9389 9390
9389 9289
9487 9587
9487 9488
9587 9687
9587 9588
9587 9487
9687 9688
9687 9587
9488 9487
9488 9588
9488 9489
9588 9587
9588 9688
9588 9589
9588 9488
9688 9687
9688 9689
9688 9588
9489 9488
9489 9589
9489 9490
9589 9588
9589 9689
9589 9590
9589 9489
9689 9688
9689 9690
9689 9589
9787 9887
9787 9788
9887 9987
9887 9888
9887 9787
9987 10087
9987 9988
9987 9887
10087 10088
10087 9987
9788 9787
9788 9888
9788 9789
9888 9887
9888 9988
9888 9889
9888 9788
9988 9987
9988 10088
9988 9989
9988 9888
10088 10087
10088 10089
10088 9988
9789 9788
9789 9889
9789 9790
9889 9888
9889 9989
9889 9890
9889 9789
9989 9988
9989 10089
9989 9990
9989 9889
9989 9990
10089 10088
10089 10090
10089 9989
9090 9190
9090 9091
9190 9290
9190 9191
9190 9090
9290 9390
9290 9291
9290 9190
9390 9391
9390 9290
9390 9490
9091 9090
9091 9191
9091 9092
9191 9190
9191 9291
9191 9192
9191 9091
9291 9290
9291 9391
9291 9292
9291 9191
9391 9390
9391 9392
9391 9291
9092 9091
9092 9192
9192 9191
9192 9292
9192 9092
9292 9291
9292 9392
9292 9192
9392 9391
9392 9292
9093 9193
9093 9094
9193 9293
9193 9194
9193 9093
9293 9393
9293 9294
9293 9193
9393 9394
9393 9293
9094 9093
9094 9194
9094 9095
9094 8994
9194 9193
9194 9294
9194 9195
9194 9094
9294 9293
9294 9394
9294 9295
9294 9194
9394 9393
9394 9395
9394 9294
9095 9094
9095 9195
9095 9096
9195 9194
9195 9295
9195 9196
9195 9095
9295 9294
9295 9395
9295 9296
9295 9195
9395 9394
9395 9396
9395 9295
9096 9196
9096 9097
9196 9296
9196 9197
9196 9096
9296 9396
9296 9297
9296 9196
9396 9397
9396 9296
9097 9096
9097 9197
9097 9098
9197 9196
9197 9297
9197 9198
9197 9097
9297 9296
9297 9397
9297 9298
9297 9197
9397 9396
9397 9398
9397 9297
9397 9497
9098 9097
9098 9198
9098 9099
9198 9197
9198 9298
9198 9199
9198 9098
9298 9297
9298 9398
9298 9299
9298 9198
9398 9397
9398 9399
9398 9298
9099 9098
9099 9199
9099 9100
9199 9198
9199 9299
9199 9200
9199 9099
9299 9298
9299 9399
9299 9300
9299 9199
9399 9398
9399 9400
9399 9299
9100 9099
9100 9200
9200 9199
9200 9300
9200 9100
9300 9299
9300 9400
9300 9200
9400 9399
9400 9300
